"CAG-file:"	"Y:\NON-PERMANENTS\DPOIRIER\BATCH_RUN\CATTPROJECT_CUBE\OUT\Cube Simple_2.CAG"
"Project:"	"Cube Simple"
"Creator:"	"CATT-Acoustic v9.1g (build 1.01) / TUCT v2.0g:1.01"
"Version:"	 1
"Srd id(s):"	"A3 "
"Rec id:"	"03"	
"Rec pos:"	    0,300	    0,000	    0,000	"[m]"
"Rec aim:"	    1,028	    0,000	    0,000	"[m]"
"Max order:"	3	
"Max time:"	 100,000	"[ms]"

"#"	"Time"	"Src id"	"Order"	"IS(x)"	"IS(y)"	"IS(z)"	"H"	"V"	"SPL(125)"	"SPL(250)"	"SPL(500)"	"SPL(1k)"	"SPL(2k)"	"SPL(4k)"	"SPL(8k)"	"SPL(16k)"	
	"[ms]"			"[m]"	"[m]"	"[m]"	"[deg]"	"[deg]"	"[dB]"	"[dB]"	"[dB]"	"[dB]"	"[dB]"	"[dB]"	"[dB]"	"[dB]"	
1	   0,000	"A3"	0	    0,000	   -2,000	    0,000	-98,5	  0,0	94,0	93,9	93,9	93,9	93,9	93,8	93,6	93,1	
2	  17,427	"A3"	1	    0,000	   -8,000	    0,000	-92,1	  0,0	62,2	61,9	61,9	61,9	61,8	61,7	61,0	58,5	
3	  22,957	"A3"	1	   10,000	   -2,000	    0,000	-11,7	  0,0	60,3	60,1	60,1	60,0	60,0	59,7	58,9	56,1	
4	  23,826	"A3"	1	    0,000	   -2,000	   10,000	-98,5	-78,6	60,1	59,8	59,8	59,8	59,7	59,5	58,6	55,8	
5	  23,826	"A3"	1	    0,000	   -2,000	  -10,000	-98,5	 78,6	60,1	59,8	59,8	59,8	59,7	59,5	58,6	55,8	
6	  24,671	"A3"	1	  -10,000	   -2,000	    0,000	-169,0	  0,0	59,8	59,6	59,6	59,5	59,5	59,2	58,3	55,6	
7	  29,073	"A3"	1	    0,000	   12,000	    0,000	 91,4	  0,0	58,7	58,4	58,4	58,4	58,3	58,0	57,0	53,9	
8	  30,732	"A3"	2	   10,000	   -8,000	    0,000	-39,5	  0,0	38,1	38,0	37,9	37,9	37,7	37,2	35,0	28,3	
9	  31,420	"A3"	2	    0,000	   -8,000	   10,000	-92,1	-51,3	37,9	37,8	37,8	37,7	37,6	37,0	34,8	27,9	
10	  31,420	"A3"	2	    0,000	   -8,000	  -10,000	-92,1	 51,3	37,9	37,8	37,8	37,7	37,6	37,0	34,8	27,9	
11	  32,096	"A3"	2	  -10,000	   -8,000	    0,000	-142,2	  0,0	37,8	37,7	37,6	37,6	37,4	36,8	34,6	27,6	
12	  35,104	"A3"	2	   10,000	   -2,000	   10,000	-11,7	-45,3	37,1	37,0	37,0	36,9	36,7	36,1	33,7	26,2	
13	  35,104	"A3"	2	   10,000	   -2,000	  -10,000	-11,7	 45,3	37,1	37,0	37,0	36,9	36,7	36,1	33,7	26,2	
14	  36,327	"A3"	2	  -10,000	   -2,000	   10,000	-169,0	-43,6	36,9	36,7	36,7	36,6	36,5	35,8	33,3	25,6	
15	  36,327	"A3"	2	  -10,000	   -2,000	  -10,000	-169,0	 43,6	36,9	36,7	36,7	36,6	36,5	35,8	33,3	25,6	
16	  39,053	"A3"	2	   10,000	   12,000	    0,000	 51,1	  0,0	36,3	36,2	36,1	36,1	35,9	35,2	32,6	24,3	
17	  39,616	"A3"	2	    0,000	   12,000	   10,000	 91,4	-39,8	36,2	36,1	36,0	36,0	35,8	35,1	32,4	24,1	
18	  39,616	"A3"	2	    0,000	   12,000	  -10,000	 91,4	 39,8	36,2	36,1	36,0	36,0	35,8	35,1	32,4	24,1	
19	  40,171	"A3"	2	  -10,000	   12,000	    0,000	130,6	  0,0	36,1	36,0	35,9	35,9	35,7	35,0	32,3	23,8	
20	  40,902	"A3"	3	   10,000	   -8,000	   10,000	-39,5	-38,5	16,0	15,8	15,8	15,7	15,5	14,8	12,1	3,5	
21	  40,902	"A3"	3	   10,000	   -8,000	  -10,000	-39,5	 38,5	16,0	15,8	15,8	15,7	15,5	14,8	12,1	3,5	
22	  41,978	"A3"	3	  -10,000	   -8,000	   10,000	-142,2	-37,5	15,8	15,6	15,6	15,5	15,3	14,6	11,8	3,1	
23	  41,978	"A3"	3	  -10,000	   -8,000	  -10,000	-142,2	 37,5	15,8	15,6	15,6	15,5	15,3	14,6	11,8	3,1	
24	  46,545	"A3"	2	    0,000	   18,000	    0,000	 91,0	  0,0	35,0	34,8	34,8	34,7	34,5	33,7	30,6	21,1	
25	  47,666	"A3"	3	   10,000	   12,000	   10,000	 51,1	-32,9	14,8	14,7	14,6	14,5	14,3	13,5	10,4	0,6	
26	  47,666	"A3"	3	   10,000	   12,000	  -10,000	 51,1	 32,9	14,8	14,7	14,6	14,5	14,3	13,5	10,4	0,6	
27	  48,608	"A3"	3	  -10,000	   12,000	   10,000	130,6	-32,3	14,7	14,5	14,5	14,4	14,1	13,3	10,1	0,2	
28	  48,608	"A3"	3	  -10,000	   12,000	  -10,000	130,6	 32,3	14,7	14,5	14,5	14,4	14,1	13,3	10,1	0,2	
29	  51,784	"A3"	2	   20,000	   -2,000	    0,000	 -5,8	  0,0	34,2	34,0	34,0	33,9	33,6	32,7	29,4	18,9	
30	  52,660	"A3"	2	    0,000	   -2,000	  -20,000	-98,5	 84,2	34,0	33,9	33,8	33,7	33,5	32,6	29,2	18,6	
31	  52,660	"A3"	2	    0,000	   -2,000	   20,000	-98,5	-84,2	34,0	33,9	33,8	33,7	33,5	32,6	29,2	18,6	
32	  53,523	"A3"	2	  -20,000	   -2,000	    0,000	-174,4	  0,0	33,9	33,8	33,7	33,6	33,4	32,4	29,0	18,2	
33	  53,666	"A3"	3	   10,000	   18,000	    0,000	 61,7	  0,0	13,9	13,7	13,7	13,6	13,3	12,4	9,0	-1,8	
34	  54,092	"A3"	3	    0,000	   18,000	   10,000	 91,0	-29,1	13,8	13,7	13,6	13,5	13,3	12,3	8,9	-2,0	
35	  54,092	"A3"	3	    0,000	   18,000	  -10,000	 91,0	 29,1	13,8	13,7	13,6	13,5	13,3	12,3	8,9	-2,0	
36	  54,515	"A3"	3	  -10,000	   18,000	    0,000	119,8	  0,0	13,8	13,6	13,5	13,5	13,2	12,3	8,8	-2,2	
37	  56,040	"A3"	3	   20,000	   -8,000	    0,000	-22,1	  0,0	13,5	13,4	13,3	13,2	13,0	12,0	8,4	-2,8	
38	  56,857	"A3"	3	    0,000	   -8,000	  -20,000	-92,1	 68,2	13,4	13,3	13,2	13,1	12,9	11,9	8,3	-3,1	
39	  56,857	"A3"	3	    0,000	   -8,000	   20,000	-92,1	-68,2	13,4	13,3	13,2	13,1	12,9	11,9	8,3	-3,1	
40	  57,663	"A3"	3	  -20,000	   -8,000	    0,000	-158,5	  0,0	13,3	13,2	13,1	13,0	12,7	11,8	8,1	-3,4	
41	  58,195	"A3"	2	    0,000	  -22,000	    0,000	-90,8	  0,0	33,2	33,1	33,0	32,9	32,7	31,7	28,0	16,4	
42	  58,722	"A3"	3	   20,000	   -2,000	   10,000	 -5,8	-26,8	13,2	13,0	13,0	12,9	12,6	11,6	7,9	-3,8	
43	  58,722	"A3"	3	   20,000	   -2,000	  -10,000	 -5,8	 26,8	13,2	13,0	13,0	12,9	12,6	11,6	7,9	-3,8	
44	  59,115	"A3"	3	   10,000	   -2,000	  -20,000	-11,7	 63,7	13,1	13,0	12,9	12,8	12,5	11,5	7,8	-3,9	
45	  59,115	"A3"	3	   10,000	   -2,000	   20,000	-11,7	-63,7	13,1	13,0	12,9	12,8	12,5	11,5	7,8	-3,9	
46	  59,893	"A3"	3	  -10,000	   -2,000	  -20,000	-169,0	 62,3	13,0	12,9	12,8	12,7	12,4	11,4	7,6	-4,2	
47	  59,893	"A3"	3	  -10,000	   -2,000	   20,000	-169,0	-62,3	13,0	12,9	12,8	12,7	12,4	11,4	7,6	-4,2	
48	  60,279	"A3"	3	  -20,000	   -2,000	   10,000	-174,4	-26,1	13,0	12,8	12,7	12,6	12,4	11,3	7,5	-4,4	
49	  60,279	"A3"	3	  -20,000	   -2,000	  -10,000	-174,4	 26,1	13,0	12,8	12,7	12,6	12,4	11,3	7,5	-4,4	
50	  61,297	"A3"	3	   20,000	   12,000	    0,000	 31,3	  0,0	12,8	12,7	12,6	12,5	12,2	11,2	7,3	-4,8	
51	  62,050	"A3"	3	    0,000	   12,000	  -20,000	 91,4	 59,0	12,7	12,6	12,5	12,4	12,1	11,1	7,2	-5,1	
52	  62,050	"A3"	3	    0,000	   12,000	   20,000	 91,4	-59,0	12,7	12,6	12,5	12,4	12,1	11,1	7,2	-5,1	
53	  62,795	"A3"	3	  -20,000	   12,000	    0,000	149,4	  0,0	12,6	12,5	12,4	12,3	12,0	11,0	7,0	-5,3	
54	  64,141	"A3"	3	   10,000	  -22,000	    0,000	-66,2	  0,0	12,5	12,3	12,2	12,1	11,9	10,8	6,7	-5,9	
55	  64,503	"A3"	3	    0,000	  -22,000	   10,000	-90,8	-24,4	12,4	12,3	12,2	12,1	11,8	10,7	6,7	-6,0	
56	  64,503	"A3"	3	    0,000	  -22,000	  -10,000	-90,8	 24,4	12,4	12,3	12,2	12,1	11,8	10,7	6,7	-6,0	
57	  64,864	"A3"	3	  -10,000	  -22,000	    0,000	-115,1	  0,0	12,4	12,2	12,2	12,1	11,8	10,7	6,6	-6,1	
58	  75,670	"A3"	3	    0,000	  -28,000	    0,000	-90,6	  0,0	11,1	11,0	10,9	10,8	10,4	9,2	4,5	-10,0	
59	  80,812	"A3"	3	   30,000	   -2,000	    0,000	 -3,9	  0,0	10,6	10,4	10,4	10,2	9,9	8,5	3,6	-11,8	
60	  81,689	"A3"	3	    0,000	   -2,000	   30,000	-98,5	-86,1	10,5	10,4	10,3	10,1	9,8	8,4	3,4	-12,1	
61	  81,689	"A3"	3	    0,000	   -2,000	  -30,000	-98,5	 86,1	10,5	10,4	10,3	10,1	9,8	8,4	3,4	-12,1	
62	  82,556	"A3"	3	  -30,000	   -2,000	    0,000	-176,2	  0,0	10,4	10,3	10,2	10,1	9,7	8,3	3,3	-12,4	
63	  87,320	"A3"	3	    0,000	   32,000	    0,000	 90,5	  0,0	10,0	9,8	9,7	9,6	9,2	7,8	2,4	-14,0	

